a = [ 0.2 ; 1.4 ]
b = [ 4.5 ; 9.1]
c = [ 0.00012 ; 0.43538 ]
d = [ 1.001001 ; 3.33333 ]
e = [ 0.1 ; 2.22 ]
f = [ -1.3 ; 2.0 ]
g = [ -5.2 ; -4.7 ]
h = [ 4.5 ; 5.5 ]
i = [ 0.01112; 0.123456789 ]
